344
1054
1090
1080
1096
1098
1083
32
1089
1080
32
1074
32
1076
1078
1091
1085
1075
1083
1072
1090
1072
32
1076
1072
32
1073
1077
1088
1077
1096
32
1073
1072
1085
1072
1085
1080
32
13
10
1079
1072
32
1076
1086
1084
1086
1095
1072
1076
1080
1077
1090
1086
46
32
1043
1086
1088
1080
1083
1080
1090
1077
32
1086
1073
1072
1095
1077
32
1085
1077
32
1089
1080
13
10
1075
1080
32
1076
1072
1074
1072
1090
46
32
1040
1082
1086
32
1090
1077
32
1089
1087
1080
1087
1072
32
1075
1086
1088
1080
1083
1072
44
32
1097
1077
32
1090
1077
32
13
10
1080
1079
1103
1076
1077
32
33
13
10
13
10
1059
1087
1088
1072
1074
1083
1103
1074
1072
1081
32
1089
1098
1089
32
1089
1090
1088
1077
1083
1082
1080
1090
1077
46
32
1052
1086
1078
1077
1096
13
10
1076
1072
32
1079
1072
1084
1077
1088
1103
1096
32
1075
1086
1088
1080
1083
1080
1090
1077
32
1089
32
1073
1072
1085
1072
1085
1080
32
1089
32
83
72
73
70
84
46
13
10
1040
1082
1086
32
1091
1094
1077
1083
1080
1096
32
1075
1086
1088
1080
1083
1072
32
1089
32
1073
1072
1085
1072
1085
44
32
1090
1103
32
1097
1077
32
1089
1080
13
10
1086
1090
1080
1076
1077
46
32
1042
1085
1080
1084
1072
1074
1072
1081
32
33
32
1052
1086
1078
1077
1096
32
1076
1072
32
1093
1074
1098
1088
1083
1103
1096
13
10
1089
1072
1084
1086
32
1072
1082
1086
32
1080
1084
1072
1096
32
1073
1072
1085
1072
1085
1080
46
32
1050
1086
1075
1072
1090
1086
32
1089
1074
1098
1088
1096
1080
32
13
10
1074
1088
1077
1084
1077
1090
1086
44
32
1089
1077
32
1087
1088
1080
1073
1080
1088
1072
1096
32
1085
1072
32
1089
1080
1075
1091
1088
1085
1086
32
33
0
